%YAML:1.0
createTime: "2018/4/23 20:24:28"
...
---
vid_iClipOfLast: 0
vid_iFrICOfLast: 1
vid_VNameOfClips:
   - "./001-2018-04-17-12.35.19-14.00.00.avi"
   - "./001-2018-04-17-14.00.00-16.00.00.avi"
vid_VLenOfClips: [ 25425, 36001 ]
vid_callPerSeconds: 1
...
---
count_box: 48
roi_0: [ 83, 125, 16, 167 ]
roi_1: [ 106, 125, 16, 167 ]
roi_2: [ 130, 125, 16, 167 ]
roi_3: [ 154, 125, 16, 167 ]
roi_4: [ 177, 125, 16, 167 ]
roi_5: [ 201, 125, 16, 167 ]
roi_6: [ 225, 125, 16, 167 ]
roi_7: [ 249, 125, 16, 167 ]
roi_8: [ 272, 125, 16, 167 ]
roi_9: [ 296, 125, 16, 167 ]
roi_10: [ 320, 125, 16, 167 ]
roi_11: [ 344, 125, 16, 167 ]
roi_12: [ 369, 125, 16, 167 ]
roi_13: [ 392, 125, 16, 167 ]
roi_14: [ 416, 125, 16, 167 ]
roi_15: [ 440, 125, 16, 167 ]
roi_16: [ 463, 125, 16, 167 ]
roi_17: [ 487, 125, 16, 167 ]
roi_18: [ 511, 125, 16, 167 ]
roi_19: [ 536, 125, 16, 167 ]
roi_20: [ 560, 125, 16, 167 ]
roi_21: [ 584, 125, 16, 167 ]
roi_22: [ 608, 125, 16, 167 ]
roi_23: [ 631, 125, 16, 167 ]
roi_24: [ 89, 416, 16, 160 ]
roi_25: [ 113, 416, 16, 160 ]
roi_26: [ 136, 416, 16, 160 ]
roi_27: [ 160, 416, 16, 160 ]
roi_28: [ 184, 416, 16, 160 ]
roi_29: [ 205, 416, 16, 160 ]
roi_30: [ 231, 416, 16, 160 ]
roi_31: [ 255, 416, 16, 160 ]
roi_32: [ 279, 416, 16, 160 ]
roi_33: [ 302, 416, 16, 160 ]
roi_34: [ 326, 416, 16, 160 ]
roi_35: [ 351, 416, 16, 160 ]
roi_36: [ 373, 416, 16, 160 ]
roi_37: [ 398, 416, 16, 160 ]
roi_38: [ 421, 416, 16, 160 ]
roi_39: [ 445, 416, 16, 160 ]
roi_40: [ 467, 416, 16, 160 ]
roi_41: [ 492, 416, 16, 160 ]
roi_42: [ 516, 416, 16, 160 ]
roi_43: [ 540, 416, 16, 160 ]
roi_44: [ 564, 416, 16, 160 ]
roi_45: [ 588, 416, 16, 160 ]
roi_46: [ 612, 416, 16, 160 ]
roi_47: [ 637, 416, 16, 160 ]
...
---
vid_iClipOfLast: 0
vid_iFrICOfLast: 1
vid_VNameOfClips:
   - "./001-2018-04-17-12.35.19-14.00.00.avi"
   - "./001-2018-04-17-14.00.00-16.00.00.avi"
vid_VLenOfClips: [ 25425, 36001 ]
vid_callPerSeconds: 1
...
---
count_box: 48
roi_0: [ 83, 125, 16, 167 ]
roi_1: [ 106, 125, 16, 167 ]
roi_2: [ 130, 125, 16, 167 ]
roi_3: [ 154, 125, 16, 167 ]
roi_4: [ 177, 125, 16, 167 ]
roi_5: [ 201, 125, 16, 167 ]
roi_6: [ 225, 125, 16, 167 ]
roi_7: [ 249, 125, 16, 167 ]
roi_8: [ 272, 125, 16, 167 ]
roi_9: [ 296, 125, 16, 167 ]
roi_10: [ 320, 125, 16, 167 ]
roi_11: [ 344, 125, 16, 167 ]
roi_12: [ 369, 125, 16, 167 ]
roi_13: [ 392, 125, 16, 167 ]
roi_14: [ 416, 125, 16, 167 ]
roi_15: [ 440, 125, 16, 167 ]
roi_16: [ 463, 125, 16, 167 ]
roi_17: [ 487, 125, 16, 167 ]
roi_18: [ 511, 125, 16, 167 ]
roi_19: [ 536, 125, 16, 167 ]
roi_20: [ 560, 125, 16, 167 ]
roi_21: [ 584, 125, 16, 167 ]
roi_22: [ 608, 125, 16, 167 ]
roi_23: [ 631, 125, 16, 167 ]
roi_24: [ 89, 416, 16, 160 ]
roi_25: [ 113, 416, 16, 160 ]
roi_26: [ 136, 416, 16, 160 ]
roi_27: [ 160, 416, 16, 160 ]
roi_28: [ 184, 416, 16, 160 ]
roi_29: [ 205, 416, 16, 160 ]
roi_30: [ 231, 416, 16, 160 ]
roi_31: [ 255, 416, 16, 160 ]
roi_32: [ 279, 416, 16, 160 ]
roi_33: [ 302, 416, 16, 160 ]
roi_34: [ 326, 416, 16, 160 ]
roi_35: [ 351, 416, 16, 160 ]
roi_36: [ 373, 416, 16, 160 ]
roi_37: [ 398, 416, 16, 160 ]
roi_38: [ 421, 416, 16, 160 ]
roi_39: [ 445, 416, 16, 160 ]
roi_40: [ 467, 416, 16, 160 ]
roi_41: [ 492, 416, 16, 160 ]
roi_42: [ 516, 416, 16, 160 ]
roi_43: [ 540, 416, 16, 160 ]
roi_44: [ 564, 416, 16, 160 ]
roi_45: [ 588, 416, 16, 160 ]
roi_46: [ 612, 416, 16, 160 ]
roi_47: [ 637, 416, 16, 160 ]
...
---
vid_iClipOfLast: 0
vid_iFrICOfLast: 1
vid_VNameOfClips:
   - "./001-2018-04-17-12.35.19-14.00.00.avi"
   - "./001-2018-04-17-14.00.00-16.00.00.avi"
vid_VLenOfClips: [ 25425, 36001 ]
vid_callPerSeconds: 1
...
---
count_box: 48
roi_0: [ 83, 125, 16, 167 ]
roi_1: [ 106, 125, 16, 167 ]
roi_2: [ 130, 125, 16, 167 ]
roi_3: [ 154, 125, 16, 167 ]
roi_4: [ 177, 125, 16, 167 ]
roi_5: [ 201, 125, 16, 167 ]
roi_6: [ 225, 125, 16, 167 ]
roi_7: [ 249, 125, 16, 167 ]
roi_8: [ 272, 125, 16, 167 ]
roi_9: [ 296, 125, 16, 167 ]
roi_10: [ 320, 125, 16, 167 ]
roi_11: [ 344, 125, 16, 167 ]
roi_12: [ 369, 125, 16, 167 ]
roi_13: [ 392, 125, 16, 167 ]
roi_14: [ 416, 125, 16, 167 ]
roi_15: [ 440, 125, 16, 167 ]
roi_16: [ 463, 125, 16, 167 ]
roi_17: [ 487, 125, 16, 167 ]
roi_18: [ 511, 125, 16, 167 ]
roi_19: [ 536, 125, 16, 167 ]
roi_20: [ 560, 125, 16, 167 ]
roi_21: [ 584, 125, 16, 167 ]
roi_22: [ 608, 125, 16, 167 ]
roi_23: [ 631, 125, 16, 167 ]
roi_24: [ 89, 416, 16, 160 ]
roi_25: [ 113, 416, 16, 160 ]
roi_26: [ 136, 416, 16, 160 ]
roi_27: [ 160, 416, 16, 160 ]
roi_28: [ 184, 416, 16, 160 ]
roi_29: [ 205, 416, 16, 160 ]
roi_30: [ 231, 416, 16, 160 ]
roi_31: [ 255, 416, 16, 160 ]
roi_32: [ 279, 416, 16, 160 ]
roi_33: [ 302, 416, 16, 160 ]
roi_34: [ 326, 416, 16, 160 ]
roi_35: [ 351, 416, 16, 160 ]
roi_36: [ 373, 416, 16, 160 ]
roi_37: [ 398, 416, 16, 160 ]
roi_38: [ 421, 416, 16, 160 ]
roi_39: [ 445, 416, 16, 160 ]
roi_40: [ 467, 416, 16, 160 ]
roi_41: [ 492, 416, 16, 160 ]
roi_42: [ 516, 416, 16, 160 ]
roi_43: [ 540, 416, 16, 160 ]
roi_44: [ 564, 416, 16, 160 ]
roi_45: [ 588, 416, 16, 160 ]
roi_46: [ 612, 416, 16, 160 ]
roi_47: [ 637, 416, 16, 160 ]
