# Created by Octave 4.0.0, Thu Aug 20 15:33:53 2015 中国标准时间 <unknown@youngway-PC>
# name: Mu
# type: matrix
# rows: 1
# columns: 1000
 116.5979222777992 127.322624086187 134.0367449018853 136.3976529434398 137.0465563678338 136.8545594459407 136.2152751058099 134.2185455944594 127.1140823393613 116.2070026933436 116.1213928434013 130.0892651019623 138.8001154290112 141.3664871104271 141.9301654482493 141.8605232781839 141.1546748749519 138.7768372450943 129.7804924971143 115.6791073489804 115.2966525586764 132.2422085417468 142.6658330126972 146.0856098499423 147.3149288187765 147.2152751058099 146.0325125048095 142.7777991535206 132.0421315890727 114.9965371296653 113.8301269719123 133.1539053482109 144.9107348980377 148.819738360908 150.2829934590227 150.1644863409003 149.0042323970758 145.4882647171989 133.0419392073875 113.6767987687572 112.5355906117738 133.578106964217 146.8078106964217 151.0305886879569 151.9538283955367 151.7535590611774 150.7933820700269 147.0657945363601 133.567141208157 112.5355906117738 111.5269334359369 133.9026548672566 147.9390150057714 152.0604078491727 152.769334359369 152.6263947672182 151.9659484417083 148.0723355136591 133.8020392458638 111.7331666025394 109.8478260869565 133.0207772220085 147.4813389765294 151.2720277029627 152.1148518661024 151.9557522123894 151.1641015775298 147.911696806464 133.2870334744132 110.4463255098115 108.8228164678723 132.4536360138515 146.8545594459407 150.2268180069258 150.7527895344363 150.5617545209696 149.9417083493651 146.9597922277799 132.3674490188534 109.0300115429011 107.5452096960369 131.1512120046172 145.6296652558676 149.0815698345517 149.4973066564063 149.4478645632936 149.1135051943055 146.0132743362832 131.1575606002309 107.7179684494036 106.0769526741054 129.7683724509427 144.5632935744517 148.0806079261254 148.2327818391689 148.0032704886495 147.6960369372836 144.75913813005 129.6575606002309 106.1215852250866 104.0794536360139 127.7433628318584 142.6367833782224 145.8543670642555 145.8368603308965 145.6794921123509 145.6492881877645 142.8430165448249 127.5253943824548 104.1083108888034 102.1373605232782 125.1090804155444 139.7062331666025 142.8228164678723 142.7926125432859 142.7431704501732 142.9028472489419 140.1856483262793 125.2170065409773 102.3245479030396 100.6125432858792 122.8070411696806 136.7287418237784 139.2960754136206 139.323393612928 139.2516352443247 139.1798768757214 136.9519045786841 122.9582531742978 101.0627164293959 99.16506348595614 120.4028472489419 133.4434397845325 135.4594074644094 135.287610619469 135.1312043093498 135.0352058484032 133.3060792612543 120.3543670642555 99.57502885725279 97.74682570219315 117.6110042323971 129.3889957676029 130.7025779145825 130.2100808003078 130.0969603693728 130.2033474413236 129.1667949211235 117.5792612543286 98.21739130434783 96.32031550596383 114.7377837629858 124.8951519815314 125.6656406310119 125.3118507118122 125.1604463255098 125.1723739899961 124.7054636398615 114.9349749903809 97.10350134667179 95.32897268180069 112.0484801846864 120.656213928434 120.946710273182 120.5652173913043 120.3491727587534 120.3622547133513 120.432089265102 112.3636013851481 95.99865332820316 94.03674490188534 109.4801846864179 116.4207387456714 116.035782993459 115.7437475952289 115.560600230858 115.5404001539054 116.1206233166603 109.5417468257022 94.58310888803386 92.16698730280878 106.3447479799923 111.9761446710273 110.8560984994229 110.3903424393998 110.2649095806079 110.5906117737591 111.9424778761062 106.6408233936129 93.14890342439399 90.52539438245479 103.3076183147364 107.7824163139669 105.9661408233936 105.1508272412466 105.0150057714506 105.646017699115 107.7225856098499 103.6767987687572 91.58522508657175 89.50731050404002 100.8989996152366 104.3358984224702 101.9461331281262 100.947479799923 100.7570219315121 101.5271258176222 104.2406694882647 101.3420546363986 90.69661408233937 88.85282801077338 99.0738745671412 101.3410927279723 98.6304347826087 97.76587148903424 97.71546748749519 98.44671027318199 101.2964601769911 99.38553289726818 89.8389765294344 87.94036167756829 97.12908811081185 98.65178914967295 95.49211235090419 94.50365525202001 94.59215082724124 95.50904193920739 98.67083493651404 97.16410157752982 88.47325894574837 87.3326279338207 95.41169680646402 96.29838399384379 92.80704116968064 91.81223547518276 91.86052327818392 92.80973451327434 96.22854944209311 95.22085417468257 87.50884955752213 86.72450942670258 93.8943824547903 93.96998845709888 90.28991919969219 89.43324355521355 89.46460176991151 90.3078106964217 93.81608310888804 93.46190842631782 86.64197768372451 85.826279338207 92.35282801077338 91.85263562908811 87.97556752597153 87.13101192766449 87.2597152751058 88.25625240477106 91.99191996921893 92.17045017314352 85.87629857637553 84.66871873797615 90.60427087341286 89.74740284724894 85.76741054251636 84.96883416698731 85.07464409388226 86.13601385148134 90.01596767987688 90.51750673335899 84.7914582531743 83.8553289726818 89.31223547518276 88.0659869180454 83.8595613697576 82.93574451712198 82.95652173913044 84.07656791073489 88.23489803770681 89.20180838784148 83.93901500577145 82.59157368218546 87.74913428241631 86.18968834166988 82.05732974220854 81.28434013081954 81.2602924201616 82.29107348980376 86.48230088495575 87.66775682954983 82.61581377452866 81.34609465178914 86.16237014236245 84.44113120430934 80.28587918430165 79.56752597152752 79.55367449018853 80.51827626010004 84.66698730280878 86.07695267410543 81.38033859176606 80.07887649095807 84.49826856483263 82.55559830704117 78.3695652173913 77.64274721046556 77.71258176221623 78.75317429780685 82.91150442477876 84.47672181608311 80.12081569834552 78.98287803001155 83.07425933051174 81.13197383609081 77.04270873412851 76.41939207387456 76.49711427472104 77.41958445555983 81.63312812620238 83.28357060407849 79.17641400538669 78.17410542516352 81.96633320507888 79.85648326279338 75.83512889572913 75.2402847248942 75.30126971912274 76.21527510580992 80.3389765294344 82.15352058484032 78.29876875721432 77.599268949596 81.04751827626011 78.71508272412467 74.70507887649096 74.11869949980762 74.15967679876876 75.03405155829165 79.12120046171604 81.11792997306657 77.49903809157368 77.12947287418238 80.471527510581 78.10369372835706 74.02808772604848 73.35302039245863 73.39265101962293 74.23913043478261 78.32185455944594 80.35994613312813 76.87514428626395 76.64024624855713 79.78780300115429 77.3807233551366 73.34243939976915 72.51654482493267 72.46633320507888 73.36456329357445 77.46344747979992 79.72508657175837 76.48133897652943 76.26606387071951 79.32531742978068 76.79011158137746 72.6794921123509 71.81819930742593 71.74413235859946 72.61658330126971 76.86244709503656 79.38687956906503 76.25028857252789 76.07541362062332 79.06540977298961 76.39765294343978 72.08214697960754 71.19026548672566 71.21027318199307 72.16063870719508 76.49172758753366 79.06060023085803 75.96421700654098 75.83070411696806 78.72393228164678 76.03597537514429 71.82435552135436 70.86033089649865 70.88091573682185 71.925548287803 76.14409388226241 78.71085032704886 75.66006156213929 75.46190842631782 78.35782993459023 75.6916121585225 71.42651019622932 70.47499038091574 70.51231242785687 71.57195075028858 75.79530588687958 78.34647941515968 75.36167756829551 75.10927279722971 78.02231627549057 75.36148518661024 71.22297037322046 70.37129665255867 70.39207387456715 71.38668718737976 75.46806464024625 77.95209696036937 74.94555598307041 74.88726433243555 77.84551750673336 75.24336283185841 71.16717968449403 70.23566756444787 70.18295498268564 71.27626010003847 75.3774528664871 77.76952674105425 74.67141208156984 74.63736052327819 77.624086186995 75.0269334359369 70.91592920353982 70.02808772604848 69.96248557137361 71.04290111581378 75.26183147364371 77.70796460176992 74.57926125432859 74.52308580223163 77.49980761831473 74.7972297037322 70.60446325509811 69.69545979222778 69.62177760677183 70.7354751827626 74.99018853405155 77.59426702577915 