# Created by Octave 4.0.0, Thu Aug 20 15:35:35 2015 中国标准时间 <unknown@youngway-PC>
# name: Sigma
# type: matrix
# rows: 1
# columns: 1000
 69.74168748855685 74.3238056070648 78.9880714126834 80.31290414625713 80.78935641719035 80.94622696374046 80.2808964629224 78.61756896093659 74.32782194622604 69.27634418209608 69.07820818409074 74.39718313359282 79.36595524437958 81.09535668653682 81.7971520077497 81.96415272267528 81.01208309284114 79.23176139950328 74.57956356049077 68.61815140614559 68.12989280431303 74.3844045621359 80.07285609958257 81.91529529245832 82.67043963452583 82.83307907743763 81.97274003453808 79.91284734052313 74.6107402279641 67.92463505998117 67.30036815710311 74.23922066210953 80.5236954041806 82.28653764484598 82.98967879547448 83.11992518702783 82.37693364752907 80.56103150328583 74.74622559770405 67.45507821033442 66.98360953884173 74.72012392718945 80.97418705605752 82.98507880591804 83.74065724486074 83.7868929028171 82.98703535031093 80.99326338997143 75.10026652593102 67.07636777751213 66.23165492529769 74.42469194906177 81.20609882449719 83.14092283359643 83.64997709001403 83.64557050846447 83.08910714074996 80.9363142036819 74.82977642785735 66.60431836965442 65.44623020307816 74.0604426418415 81.18134556422645 83.12414788545519 83.74664107296213 83.81056047271437 83.2514479297958 81.13082845186229 74.51457600069504 66.07580225669781 65.27398645558837 74.01144105044736 81.51811791775798 83.72108688325181 83.97010834075425 84.03288359080784 83.69498312097896 81.3823652880167 74.26320423821764 65.5551181262237 64.63694874808937 73.72034805053377 81.28853613687197 83.64107045967057 84.03375558763967 84.1521819164314 83.72705135667542 81.21707677480423 74.00001814349953 64.76151018596835 63.70560600166127 73.09437615965979 80.82061406374106 83.29523882748158 83.610796902042 83.68979455730394 83.44255631036972 80.87223194256802 73.2907979584373 63.93253941179086 62.61117881428295 72.27326148651373 80.20542383712606 82.74042439545278 83.09060596161829 83.17186001385544 82.84382416373143 80.15462632377712 72.26794887618848 62.89259002569671 61.55032776623776 71.0423508341608 79.40348791727718 82.11411533048155 82.4432674643393 82.61917032519291 82.26348907524333 79.36734723978671 71.2940618186438 61.87370853244707 60.66340894411245 70.21698007286255 78.45375844112451 81.33087307858574 81.40054275010002 81.32306388546445 81.04826489103367 78.04379397258072 70.18145823382876 60.98197583207673 59.46746223074327 68.78567238910823 76.8089464187665 79.65260632459335 79.67460640236722 79.54205273236458 79.35237400822129 76.43667710936455 68.79916690377897 59.80754088458529 57.92303078823893 67.18346105632779 75.02772791348274 77.97524072247693 77.90677061717112 77.79270103768765 77.64449482306028 74.75294487939773 67.24498926360663 58.43271461212721 56.81628601736449 65.74700188511476 73.17499443832189 75.98693576002358 75.80650817321133 75.70056820716863 75.61927422974637 72.92718287763958 65.88159949696944 57.35146483494588 55.72130372890226 63.96021540064143 71.11815769304866 74.03281490989745 73.88306093557425 73.92747458780769 73.88561721601614 71.14523987783082 64.38645047289329 56.08373849401833 54.50600847550182 62.46851528481956 68.99625660304604 71.62392611350543 71.69281477673472 71.74564753189249 71.54896860755503 69.2050604668818 62.99370672949709 54.94860237385122 52.78197340958948 60.79536350626704 66.97617064300839 69.21279781675656 69.10972226858702 69.14040760465247 69.15446965809696 67.29188171914188 61.31383516548485 53.44417523936612 50.76917820059539 58.65904233005021 64.1502224573962 66.14042920695385 65.81325638161876 65.72262775826668 65.87479623399223 64.22560570320341 59.19895408096973 51.66272614801461 50.1584546200658 57.16562608974712 62.29361695721189 63.7072543656251 63.37927428584741 63.29761402506239 63.44330870654846 62.24611986879736 57.80320101422309 51.12787640939778 50.01359263764309 55.71072780711476 59.99942324109308 61.00799288051716 60.83564557501067 60.88134938269325 61.07360425216203 60.03162907976613 56.23083127206189 50.48230297147958 49.43288910846563 54.58287094212133 58.21428179177929 58.79602145240322 58.28384365693102 58.1908559284762 58.58867759695873 57.90864260651903 54.62137509639441 49.4249264224525 49.28347282595377 53.54656032384548 56.44609158803442 56.65765893457963 56.38873680685961 56.37877569152864 56.66920481209301 56.1815244929868 53.3344303254398 48.89808305581469 48.96963255883323 52.10616219324349 54.3760354891153 54.34636982355375 54.07912550346947 54.07567942056064 54.30995560640385 54.02832286936365 51.84310534423118 48.05137593068621 48.20704937570662 50.72295897733076 52.5491783423666 52.42699883847689 52.15083375651869 52.34984827986322 52.65340122171447 52.48729057148015 50.54624468066041 47.3217590172639 47.22407257656809 49.07909726766005 50.42391923863956 49.61069643066801 49.21662770935244 49.33932698955412 49.72960135478228 50.26406543911442 48.95242703795556 46.47180120443765 46.32279886168402 47.69881992708275 48.55056182950511 47.42517948366067 47.00310366629899 47.05050002394747 47.42239671576822 48.2601888029528 47.45669195378908 45.52258162932657 44.507989414976 45.88621789292698 46.31732845093384 45.30203651552736 44.88368050784693 44.82909022699565 45.17401394965442 45.99156343934722 45.58528197850435 43.75525644255722 42.71629967281664 43.53923140054644 43.65228545034253 42.2916666497445 42.04070975974947 41.90955771950907 42.26755633505442 43.35744167010377 43.07709656361889 41.97047522729454 40.63958569521565 40.84877064467705 40.62662180641598 39.2463952884251 38.94772490669786 38.93192279820045 39.57051635068865 40.78397110817811 40.68036397274408 39.93177648595969 39.03297575950258 38.72970266334846 38.28735307553477 36.77333658641508 36.45367836935257 36.43354398756819 37.08780874081855 38.50167362266467 38.67477187265115 38.28630230615131 37.3980631564655 36.54138763714952 35.56607834064519 34.17644759357137 34.00730656270208 33.86956458360068 34.50421152773321 36.08167683870465 36.50461684361383 36.56842772311708 36.1340868840036 34.94016008879662 33.67060592347601 31.89024706719088 31.71148481273325 31.69265359196164 32.27109274367314 34.03412395866745 34.63927425172371 35.04081469839006 34.99675647246277 33.74865019765708 32.54774546295221 30.49687883913405 30.15820542217711 29.97291196991584 30.58895957746603 32.55867683062002 33.25308856847736 33.89424618884222 34.00071084426774 32.34275883411287 31.0972408659178 28.9814008694871 28.16511967595821 27.81340566158932 28.48291223610276 30.92755673950924 32.12888910832343 33.07148765137912 33.21535660103119 31.50772298928712 30.00432831330768 27.42073831848047 26.3371720767848 26.1706511411868 27.13081207653346 29.85135886910096 31.4793365756048 32.35862605219796 32.58935223002626 30.88599897682913 29.24922117715548 26.30182611148348 25.03652901648066 25.0524619668149 26.26043414414389 29.10628234997939 30.80573091363618 31.66271284095034 31.90656755919649 30.25835542257439 28.61747110228776 25.49173430752004 24.29088422854588 24.37317010757805 25.66328339287759 28.38108133828572 29.87940493988574 30.99236066423766 30.9891997900872 29.37468225765026 27.76162289405712 24.66476047269948 23.53502317897568 23.61381577592139 24.90076723732012 27.49240409091014 29.08194162531465 30.24920238828256 30.35332506730736 28.96987134607965 27.13437472851258 24.2966491503273 23.23336864337086 23.29177787941651 24.53057847366564 26.81990080894676 28.56979153056378 29.56581272513199 29.88371053964547 28.60468428046861 26.76183971681345 24.09734698578659 22.83506576303189 22.67779146698 24.07923982187664 26.39523869771188 28.06579930482398 28.90207415905516 29.34265537586547 27.9685810930563 25.93598472840469 23.04570905527364 22.0271436104467 21.8945129413403 23.340568006407 25.77947831112788 27.56007356518358 28.43153567649919 28.89268707195186 27.72925878851245 25.62289896080804 22.37006763987281 21.04919626721611 20.88230091469576 22.50081986611222 25.33616426426557 27.34703974389911 