# Created by Octave 4.0.0, Thu Aug 20 15:35:36 2015 中国标准时间 <unknown@youngway-PC>
# name: Theta2
# type: matrix
# rows: 2
# columns: 51
 -0.0292604890530614 1.055142557929549 1.085534103547552 0.8430946517165394 -1.309197130749289 -0.6921598866681724 1.024947478662159 -0.8103103749353011 -0.3023266405878987 -0.6534362994416401 -1.180589860383852 -1.472587175875592 0.6893121763207776 0.9470621855718717 -1.371470794794145 0.6262971365563643 1.021877863522107 0.3546618076396614 0.3931787079028862 -1.152849252137121 -0.7198671349658188 -1.191483714498832 -0.8480116146315997 -0.5197204546083604 -0.8721874318827824 -0.6519333975102667 -0.9744963970719878 0.05460324510130773 -0.3243208112468702 0.4625413845412754 -0.7283660876859832 0.152023186384549 1.053807773682878 -0.03126805910670986 -0.23120561927882 0.6732210296648321 -0.6224470855498766 -0.7719599157836603 -0.6183598780885888 0.8979635387041166 1.064577502508678 -1.320684903577953 -0.3746243960330838 -0.7424147371544993 -0.8174842605415976 -0.01871434871267316 -0.9407603462660358 1.165783413078014 0.2047216892922799 0.9963755502108278 -0.9924777203454695
 0.05858104993239865 -1.051203590341187 -1.066265271181975 -0.870192033646308 1.364566155819543 0.7530190259910141 -1.065393434927714 0.8261359631181998 0.2696651849175333 0.6556381077812756 1.236042378390465 1.456125214142382 -0.6426023756099852 -0.9406718170407695 1.306022792497143 -0.6311971044863492 -1.028856729680365 -0.3376553583784105 -0.4040565016984215 1.162372314338306 0.6949952647017809 1.155070959997196 0.8411973884519094 0.4985889746357644 0.8787531339582905 0.6392580248626267 0.9828557284081371 -0.04345434391341575 0.2907010823983706 -0.4492832424409624 0.7044076184238416 -0.1772144869609145 -1.051080627252449 0.003217521262962469 0.2213029947870258 -0.6714701223446351 0.6273592365848376 0.7775495498633914 0.6248112866787574 -0.8849477894137588 -1.078383233901091 1.341198948309947 0.4311944373724625 0.7201869062955814 0.8357930035955011 0.02408715874636006 0.891700330269567 -1.148406241947494 -0.213866860340821 -1.018706744696459 0.9805391262578839


